
x = [1,2,3,4  ; 2,3,4,5 ; 4,5,6,7]
y = [1,2,3 ; 2,3,4 ; 4,5,6 ; 7,8,9]

x= x'
y= y'

x*y 



